60

7
7
7
12
10
9
9
11
6
11
21
30
30
32
32
28
25
25
29
43
41
35
28
30
30
31
15
27
13
10
13
15
17
18
17
15
14
13
17
20
20
17
6
12
39
1
12
15
5
11
8
13
11
12
5
9
10
18
16
19
15
12
13
35
16
7
5
10
10
11
17
16
7
16
19
18
20
22
14
6
39
16
13
19
12
11
16
13
15
13
6
8
9
15
18
18
18
7
9
20
11
8
14
13
16
8
15
8
7
9
9
18
16
17
20
8
18
9
8
12
9
14
14
13
7
5
20
18
18
20
8
7
18
8
20
11
11
12
12
6
6
8
21
15
31
15
11
13
9
3
10
10
11
6
7
9
9
5
20
16
16
10
11
4
8
1
1
7
8
13
15
8
1
1
3
15
19
20
12
7
8
5
2
2
7
14
12
7
4
2
2
3
9
16
15
12
33
6
14
6
1
3
8
12
8
1
7
3
6
10
6
8
15
13
37
5
8
7
2
7
9
10
16
8
14
24
16
14
15
16
19
10
12
12
33
33
33
34
34
33
8
32
34
39
35
30
28
32
32
32
9
